-0.001942, -0.138509, 0.000000, 4.995270, -0.305476, 6.249786, 9.931531, -1.101294, 6.123342, 0.878100
-0.004114, -0.293439, 0.000000, 4.983374, -0.646941, 6.212426, 9.699413, -2.307957, 5.944547, 1.278100
-0.006272, -0.447360, 0.000000, 4.964663, -0.985692, 6.175310, 9.312999, -3.453885, 5.766917, 1.578100
-0.008883, -0.633616, 0.000000, 4.932869, -1.394590, 6.130397, 8.654693, -4.733457, 5.551972, 1.878100
-0.010876, -0.775749, 0.000000, 4.901898, -1.705617, 6.096123, 8.028555, -5.607413, 5.387945, 2.078100
0.042995, -1.055455, 0.000000, 4.911217, -2.195814, 6.053089, 7.081188, -6.700392, 5.161311, 2.356200
0.228441, -1.518819, 0.000000, 5.059426, -2.807843, 6.022436, 6.216519, -7.672114, 4.945925, 2.656200
0.546041, -2.149937, 0.000000, 5.358121, -3.507836, 6.008151, 5.599766, -8.501993, 4.760737, 2.956200
1.139767, -3.190731, 0.000000, 5.959174, -4.522390, 6.013600, 5.245210, -9.471153, 4.569106, 3.337133
2.242460, -4.690816, 0.000000, 7.119335, -5.793578, 6.060804, 5.542163, -10.538316, 4.391475, 3.837133
3.175408, -5.698140, 0.000000, 8.118224, -6.452177, 6.131801, 6.352054, -11.129852, 4.351363, 4.172889
3.924971, -6.447818, 0.000000, 8.913635, -6.784322, 6.215834, 7.318670, -11.523107, 4.387722, 4.422767
4.824999, -7.347869, 0.000000, 9.813203, -7.004620, 0.068704, 8.788631, -11.898519, 4.506013, 4.722767
5.425018, -7.947904, 0.000000, 10.343586, -7.049187, 0.180726, 9.932696, -12.032275, 4.630118, 4.922767
6.025037, -8.547938, 0.000000, 10.787007, -7.023590, 0.309801, 11.176768, -12.008376, 4.790420, 5.122767
6.559353, -9.051084, 0.000000, 11.112576, -6.985131, 0.425955, 12.261179, -11.851414, 4.944180, 5.300867
7.159372, -9.541758, 0.000000, 11.444885, -6.966029, 0.541178, 13.356385, -11.586220, 5.104673, 5.500867
7.759391, -9.953782, 0.000000, 11.768959, -6.966582, 0.640305, 14.339208, -11.255383, 5.252289, 5.700867
8.659419, -10.424352, 0.000000, 12.287671, -6.984034, 0.758817, 15.648673, -10.685880, 5.449566, 6.000867
9.559447, -10.717963, 0.000000, 12.892607, -6.991028, 0.841115, 16.826212, -10.077572, 5.617868, 6.300867
10.393773, -10.962950, 0.000000, 13.572061, -7.103094, 0.881936, 17.849957, -9.691453, 5.739058, 6.578967
11.293801, -11.350183, 0.000000, 14.463827, -7.483539, 0.884075, 18.941035, -9.709433, 5.821811, 6.878967
12.193829, -11.865027, 0.000000, 15.520969, -8.132717, 0.842729, 20.069090, -10.209878, 5.854767, 7.178967
13.093857, -12.507483, 0.000000, 16.725266, -9.070497, 0.757899, 21.237761, -11.223956, 5.837926, 7.478967
13.693876, -13.006683, 0.000000, 17.590565, -9.873663, 0.677188, 22.015915, -12.200953, 5.799033, 7.678967
14.228193, -13.457973, 0.000000, 18.376558, -10.666725, 0.592274, 22.691640, -13.192606, 5.753599, 7.857067
14.828211, -13.920652, 0.000000, 19.248443, -11.583657, 0.486346, 23.422898, -14.335734, 5.700324, 8.057067
15.428230, -14.336674, 0.000000, 20.091252, -12.532173, 0.369233, 24.106137, -15.512223, 5.644662, 8.257067
16.028249, -14.706037, 0.000000, 20.883826, -13.512989, 0.240934, 24.719065, -16.720939, 5.586616, 8.457067
16.562565, -14.984238, 0.000000, 21.521149, -14.342015, 0.128800, 25.200196, -17.727958, 5.539250, 8.635167
17.162584, -15.225265, 0.000000, 22.161604, -15.126278, 0.019799, 25.701079, -18.657866, 5.498903, 8.835167
18.062612, -15.445207, 0.000000, 23.032315, -15.994802, 6.173044, 26.445868, -19.648246, 5.463855, 9.135167
19.262650, -15.474150, 0.000000, 24.141322, -16.568934, 6.062440, 27.557874, -20.219574, 5.464676, 9.535167
20.162678, -15.297623, 0.000000, 24.998830, -16.567122, 6.026475, 28.545547, -20.091437, 5.500955, 9.835167
21.262033, -15.084276, 0.000000, 26.021330, -16.616949, 5.971635, 29.653986, -20.052617, 5.525649, 10.213267
22.348907, -15.111580, 0.000000, 26.860815, -17.266270, 5.837654, 30.275078, -20.919050, 5.464049, 10.613267
23.112679, -15.302769, 0.000000, 27.247041, -18.114717, 5.685912, 30.258110, -22.106391, 5.358660, 10.913267
23.597391, -15.511519, 0.000000, 27.347039, -18.819107, 5.560345, 29.951205, -23.087399, 5.260216, 11.113267
24.062528, -15.785301, 0.000000, 27.294549, -19.600277, 5.415251, 29.364503, -24.151682, 5.139223, 11.313267
24.445356, -16.054148, 0.000000, 27.149161, -20.260029, 5.283730, 28.711836, -25.009560, 5.030250, 11.491367
24.821233, -16.346727, 0.000000, 26.945757, -20.872918, 5.151246, 28.019778, -25.756203, 4.928880, 11.691367
25.277884, -16.767099, 0.000000, 26.612967, -21.585559, 4.982685, 27.142481, -26.557441, 4.818491, 11.991367
25.686711, -17.293065, 0.000000, 26.195128, -22.267149, 4.814248, 26.378526, -27.263785, 4.749077, 12.391367
25.818515, -18.226608, 0.000000, 25.608840, -23.222210, 4.670442, 26.427677, -28.154705, 4.876897, 13.191367
25.223035, -19.235319, 0.000000, 24.750719, -24.212961, 4.617785, 26.373946, -28.942140, 5.043026, 13.969467
24.699789, -19.892016, 0.000000, 23.946514, -24.834948, 4.561158, 25.490860, -29.590471, 5.026393, 14.369467
24.210596, -20.446102, 0.000000, 23.183597, -25.339492, 4.505517, 24.449948, -30.176470, 4.968448, 14.669467
23.638468, -21.052955, 0.000000, 22.286491, -25.866702, 4.438585, 23.078838, -30.803521, 4.871529, 14.969467
23.210973, -21.486840, 0.000000, 21.615866, -26.225577, 4.387692, 21.979920, -31.212306, 4.785264, 15.169467
22.842905, -21.860646, 0.000000, 21.037367, -26.523267, 4.342934, 21.019421, -31.523235, 4.708800, 15.347567
22.354168, -22.386253, 0.000000, 20.259797, -26.926475, 4.280184, 19.780976, -31.903495, 4.616478, 15.647567
21.905652, -22.972093, 0.000000, 19.501820, -27.356336, 4.210860, 18.764275, -32.301640, 4.564340, 16.147567
22.139748, -23.154985, 0.000000, 19.652004, -27.492165, 4.191618, 19.817134, -32.489438, 4.745421, 16.947567
22.529522, -22.984177, 0.000000, 20.137235, -27.374731, 4.213492, 21.056310, -32.289535, 4.897255, 17.247567
22.935623, -22.724968, 0.000000, 20.609590, -27.150978, 4.228521, 22.181367, -31.897505, 5.032167, 17.525667
23.409018, -22.210634, 0.000000, 20.983647, -26.582998, 4.205941, 23.017570, -31.150619, 5.131321, 17.925667
23.817086, -21.332954, 0.000000, 20.960959, -25.436920, 4.104391, 22.840798, -30.070084, 5.097830, 18.425667
23.963965, -20.681140, 0.000000, 20.712256, -24.479348, 4.004355, 22.100676, -29.282710, 4.993771, 18.725667
24.037374, -19.935420, 0.000000, 20.322845, -23.282401, 3.874988, 20.893354, -28.249746, 4.826740, 19.025667
24.042989, -19.464837, 0.000000, 20.042243, -22.463843, 3.784845, 20.003697, -27.463695, 4.704680, 19.203767
24.010776, -18.936389, 0.000000, 19.699199, -21.468247, 3.672564, 18.928254, -26.408454, 4.557582, 19.403767
23.937815, -18.407940, 0.000000, 19.346247, -20.387208, 3.548590, 17.808994, -25.145029, 4.399876, 19.603767
23.824105, -17.879490, 0.000000, 19.007028, -19.219552, 3.412922, 16.694461, -23.652613, 4.231561, 19.803767
23.686209, -17.432266, 0.000000, 18.744032, -18.190479, 3.293822, 15.780951, -22.217904, 4.078086, 19.981867
23.487266, -16.985739, 0.000000, 18.490325, -17.160614, 3.176575, 14.889817, -20.629957, 3.908440, 20.181867
23.241678, -16.598129, 0.000000, 18.252176, -16.274288, 3.076779, 14.125667, -19.097746, 3.741652, 20.381867
22.988173, -16.291007, 0.000000, 18.039258, -15.578102, 2.998524, 13.566419, -17.812763, 3.604926, 20.559967
22.670024, -15.974279, 0.000000, 17.795128, -14.862797, 2.917423, 13.072892, -16.506114, 3.476481, 20.759967
22.316463, -15.687342, 0.000000, 17.536982, -14.218818, 2.843492, 12.672080, -15.373257, 3.374583, 20.959967
21.927491, -15.430196, 0.000000, 17.256626, -13.646094, 2.776730, 12.318623, -14.431031, 3.299232, 21.159967
21.353336, -15.031723, 0.000000, 16.894600, -12.769052, 2.671988, 11.898857, -12.975313, 3.182857, 21.438067
20.929705, -14.668963, 0.000000, 16.708961, -11.988417, 2.575771, 11.724790, -11.590879, 3.062001, 21.638067
20.497106, -14.242459, 0.000000, 16.607714, -11.100385, 2.462079, 11.741142, -9.953007, 2.910054, 21.838067
20.055539, -13.752210, 0.000000, 16.610520, -10.128422, 2.330910, 12.034087, -8.114404, 2.727015, 22.038067
19.682855, -13.300924, 0.000000, 16.738972, -9.259445, 2.200341, 12.606640, -6.444516, 2.543598, 22.216167
19.368187, -12.889253, 0.000000, 16.996090, -8.487758, 2.065101, 13.461402, -4.951379, 2.355955, 22.388940
19.061568, -12.444822, 0.000000, 17.407284, -7.726417, 1.908008, 14.725954, -3.506172, 2.136803, 22.588940
