0.695154, 0.045147, 0.129677, 7.636380, 0.950348, 0.129677, 11.171914, 4.485882, 0.785398, 1.078100
1.297415, 0.158929, 0.243755, 8.090484, 1.848369, 0.243755, 11.626018, 5.383903, 0.785398, 1.478100
1.995730, 0.384206, 0.380356, 8.495458, 2.982964, 0.380356, 12.030991, 6.518498, 0.785398, 1.846384
2.572143, 0.655318, 0.498920, 8.718843, 4.004658, 0.498920, 12.254377, 7.540192, 0.785398, 2.114668
3.182431, 1.043259, 0.633544, 8.823972, 5.187292, 0.633544, 12.359506, 8.722826, 0.785398, 2.382952
3.811218, 1.577974, 0.772306, 8.825344, 6.462495, 0.772306, 12.360877, 9.998029, 0.785398, 2.660045
4.344062, 2.162579, 0.888473, 8.758248, 7.595345, 0.888473, 12.293782, 11.130879, 0.785398, 2.923851
4.810601, 2.801485, 0.989091, 8.656750, 8.650172, 0.989091, 12.192284, 12.185706, 0.785398, 3.187657
5.338713, 3.714477, 1.099061, 8.519744, 9.949943, 1.099061, 12.055278, 13.485477, 0.785398, 3.539398
5.776835, 4.674163, 1.181388, 8.434322, 11.150100, 1.181388, 11.969856, 14.685634, 0.785398, 3.891139
6.165899, 5.706801, 1.230991, 8.499026, 12.306538, 1.230991, 12.034560, 15.842072, 0.785398, 4.320073
6.482831, 6.580142, 1.186458, 9.107451, 13.069470, 1.186458, 12.642984, 16.605004, 0.785398, 4.920285
6.575109, 6.786531, 1.047888, 10.070921, 12.851125, 1.047888, 13.606455, 16.386659, 0.785398, 5.420285
6.470135, 6.643522, 0.870627, 10.980567, 11.996652, 0.870627, 14.516101, 15.532186, 0.785398, 5.820285
6.266784, 6.437216, 0.722123, 11.519611, 11.064073, 0.722123, 15.055145, 14.599607, 0.785398, 6.082942
6.030197, 6.255845, 0.584779, 11.867035, 10.119951, 0.584779, 15.402569, 13.655485, 0.785398, 6.330456
5.786955, 6.117839, 0.444076, 12.108011, 9.125206, 0.444076, 15.643544, 12.660740, 0.785398, 6.669285
5.818457, 6.118602, 0.345532, 12.404724, 8.489484, 0.345532, 15.940258, 12.025018, 0.785398, 7.653993
6.345960, 6.352292, 0.495800, 12.503079, 9.682439, 0.495800, 16.038613, 13.217973, 0.785398, 8.214764
6.816100, 6.659715, 0.664191, 12.328008, 10.974674, 0.664191, 15.863542, 14.510208, 0.785398, 8.562458
7.118184, 6.929424, 0.796174, 12.014307, 11.932222, 0.796174, 15.549841, 15.467755, 0.785398, 8.808031
7.375932, 7.235552, 0.952704, 11.432303, 12.940450, 0.952704, 14.967837, 16.475984, 0.785398, 9.142978
7.503658, 7.442190, 1.098724, 10.686790, 13.676584, 1.098724, 14.222324, 17.212117, 0.785398, 9.526714
7.479701, 7.363762, 1.255743, 9.648774, 14.019220, 1.255743, 13.184308, 17.554754, 0.785398, 10.126714
7.269999, 6.584160, 1.329015, 8.946024, 13.380552, 1.329015, 12.481558, 16.916086, 0.785398, 10.826714
7.076339, 5.864651, 1.221689, 9.470753, 12.442400, 1.221689, 13.006287, 15.977934, 0.785398, 11.562026
7.087884, 5.880465, 1.060732, 10.505521, 11.989455, 1.060732, 14.041054, 15.524989, 0.785398, 11.962026
7.188216, 6.030069, 0.912438, 11.470950, 11.567053, 0.912438, 15.006484, 15.102587, 0.785398, 12.230052
7.380471, 6.238924, 0.747526, 12.514083, 10.997708, 0.747526, 16.049617, 14.533242, 0.785398, 12.476388
7.676355, 6.466253, 0.568384, 13.575760, 10.234148, 0.568384, 17.111294, 13.769682, 0.785398, 12.709600
8.191379, 6.722358, 0.368903, 14.720444, 9.246503, 0.368903, 18.255978, 12.782037, 0.785398, 12.987700
8.861159, 6.917981, 0.210501, 15.706643, 8.380633, 0.210501, 19.242177, 11.916167, 0.785398, 13.259595
9.630339, 7.032542, 0.091922, 16.600787, 7.675087, 0.091922, 20.136320, 11.210621, 0.785398, 13.522125
10.437991, 7.069429, 0.005294, 17.437893, 7.106487, 0.005294, 20.973427, 10.642021, 0.785398, 13.791703
11.448369, 7.040674, 6.230258, 18.438567, 6.670359, 6.230258, 21.974101, 10.205892, 0.785398, 14.128674
12.618096, 6.970743, 6.227525, 19.607256, 6.581325, 6.227525, 23.142790, 10.116859, 0.785398, 14.519274
13.742396, 6.935457, 0.002901, 20.742367, 6.955761, 0.002901, 24.277901, 10.491295, 0.785398, 14.894274
14.678537, 6.979230, 0.097487, 21.645300, 7.660557, 0.097487, 25.180834, 11.196091, 0.785398, 15.206774
15.419993, 7.089838, 0.203125, 22.276080, 8.501954, 0.203125, 25.811614, 12.037487, 0.785398, 15.456774
16.142892, 7.287607, 0.335402, 22.752840, 9.591645, 0.335402, 26.288374, 13.127179, 0.785398, 15.706774
16.800759, 7.572145, 0.484222, 22.996019, 10.830787, 0.484222, 26.531553, 14.366321, 0.785398, 15.945913
17.411129, 7.961186, 0.653940, 22.966983, 12.219412, 0.653940, 26.502517, 15.754946, 0.785398, 16.187472
17.969480, 8.483352, 0.851713, 22.580347, 13.750221, 0.851713, 26.115881, 17.285755, 0.785398, 16.442710
18.327693, 8.963930, 1.008808, 22.057783, 14.887310, 1.008808, 25.593317, 18.422844, 0.785398, 16.642710
18.652954, 9.602783, 1.188017, 21.267454, 16.096194, 1.188017, 24.802988, 19.631728, 0.785398, 16.881988
18.866804, 10.295013, 1.351343, 20.390676, 17.127129, 1.351343, 23.926210, 20.662663, 0.785398, 17.123754
18.971674, 11.012060, 1.496830, 19.488968, 17.992920, 1.496830, 23.024502, 21.528454, 0.785398, 17.365521
18.977948, 11.736855, 1.624477, 18.602364, 18.726772, 1.624477, 22.137898, 22.262306, 0.785398, 17.607288
18.887900, 12.528133, 1.738158, 17.721829, 19.430326, 1.738158, 21.257363, 22.965860, 0.785398, 17.872888
18.686436, 13.443415, 1.829016, 16.898919, 20.211338, 1.829016, 20.434453, 23.746872, 0.785398, 18.185388
18.367256, 14.522091, 1.876827, 16.258321, 21.196849, 1.876827, 19.793855, 24.732383, 0.785398, 18.560388
18.032529, 15.596138, 1.857856, 16.050599, 22.309703, 1.857856, 19.586132, 25.845237, 0.785398, 18.935388
17.793813, 16.502569, 1.791031, 16.264605, 23.333493, 1.791031, 19.800138, 26.869027, 0.785398, 19.247888
17.623495, 17.514217, 1.679977, 16.860745, 24.472536, 1.679977, 20.396279, 28.008070, 0.785398, 19.590021
17.576791, 18.304597, 1.577178, 17.532119, 25.304455, 1.577178, 21.067653, 28.839989, 0.785398, 19.854053
17.617324, 19.095210, 1.459484, 18.394900, 26.051888, 1.459484, 21.930433, 29.587422, 0.785398, 20.118086
17.756199, 19.874459, 1.326897, 19.446619, 26.667285, 1.326897, 22.982153, 30.202819, 0.785398, 20.382118
18.002436, 20.626566, 1.179415, 20.672696, 27.097247, 1.179415, 24.208230, 30.632781, 0.785398, 20.646150
18.346398, 21.299877, 1.010070, 22.069008, 27.227960, 1.010070, 25.604541, 30.763494, 0.785398, 20.913382
18.628466, 21.689902, 0.875062, 23.115112, 27.062984, 0.875062, 26.650645, 30.598518, 0.785398, 21.102513
18.990182, 22.055154, 0.700440, 24.342094, 26.567031, 0.700440, 27.877628, 30.102565, 0.785398, 21.327514
19.286367, 22.271501, 0.558666, 25.222108, 25.981889, 0.558666, 28.757642, 29.517423, 0.785398, 21.508022
